                                                                                                                                                                                                                                                                                                            
                                                                                                                                                                                                                                                                                                            
                                                                                                                                                                                                                                                                                                            
                   2                                                                                                                                                                                                                                                                                        
                   27                                                                                                                                                                                                                                                                                       
                   2               88888                                                                                                                                                                                                                                                                    
                   2                                                                                                                                                                                                                                                                                        
                   2 222222  727                                                                                                                                                                                                                                                                            
                   2 287782   277                                                                                                                                                                                                                                                                           
                   2 2    27  2777                                                                                                                                                                                                                                                                          
                   2 2    2   27777           666                                                                                                                                                                                                                                                           
             2 9   2 2   72zz7277777  9  9    666   =                                                                                                                                                                                                                                                       
             2222222 27   2   222222222222222222222333333                                                                                                                                                                                                                                                   
                          2                       2333333 666       =                                                                                                                                                                                                                                       
                         727                      2333333 666 =    7787                                                                                                                                                                                                                                     
                          2          q     9 9 9 9555555555555555           =                                                                                                                                                                                                                               
      2   2222  2222222222222222224444444222222222555555555555555          444  4444                                                                                                                                                                                                                        
      2   2                       4444444                  11111112 9 222  444  4444                                                                                                                                                                                                                        
      27  2                       4444444                         88888              4444                                                                                                                                                                                                                   
      2   2                                                                          4444                                                                                                                                                                                                                   
      2  72                                                                      4444                                                                                                                                                                                                                       
      2   28882                                                     =            4444                                                                                                                                                                                                                       
    2227      2                                                  7 666        44                                                                                                                                                                                                                            
    2         2                                                    666   4444444                                                                                                                                                                                                                            
    2    7    2                                                7   666                                                                                                                                                                                                                                      
    2  666    2                                                                                                                                                                                                                                                                                             
    299666  992                                                  77666                                                                                                                                                                                                                                      
    22222222222                                                 7  666                                                                                                                                                                                                                                      
         8777                                                  7  44444                                                                                                                                                                                                                                     
                                                              7   44444                                                                                                                                                                                                                                     
                                                             4444                                                                                                                                                                                                                                           
        122222                                            =  4444       444                                                                                                                                                                                                                                 
     7877                                               4444            444                                                                                                                                                                                                                                 
                                                        4444                                                                                                                                                                                                                                                
                      666                          555                                                                                                                                                                                                                                                      
  1                   666                    =   55555444444444444444444                                                                                                                                                                                                                                    
44444444444   1444   4444444  444         55555  55555444444444444444444                                                                                                                                                                                                                                    
444444444445   444   4444444  444         55555                                                                                                                                                                                                                                                             
          555                     2888882                                                                                                                                                                                                                                                                   
          5555                    2     2                                                                                                                                                                                                                                                                   
            555   666     666           2                                                                                                                                                                                                                                                                   
             555  6669    666  9  =     2                                                                                                                                                                                                                                                                   
              5555555555555555111111111111                                                                                                                                                                                                                                                                  
              5555555555555555111111111111                                                                                                                                                                                                                                                                  
                                                                                                                                                                                                                                                                                                            
                                                                                                                                                                                                                                                                                                            
                                                                                                                                                                                                                                                                                                            
                                                                                                                                                                                                                                                                                                            
                                                                                                                                                                                                                                                                                                            
                                                                                                                                                                                                                                                                                                            
